384
0,136,208,352,639,682
0,126,188,410,546,727
0,75,188,410,559,740
0,123,160,376,492,839
0,126,160,492,546,779
0,75,248,328,546,740
1,127,189,411,547,728
1,76,189,411,560,741
1,124,161,377,493,840
1,127,161,493,547,780
1,137,209,353,576,683
1,76,249,329,547,741
2,64,190,412,548,729
2,77,190,412,561,742
2,125,162,378,494,841
2,64,162,494,548,781
2,138,210,354,577,684
2,77,250,330,548,742
3,65,191,413,549,730
3,78,191,413,562,743
3,126,163,379,495,842
3,65,163,495,549,782
3,139,211,355,578,685
3,78,251,331,549,743
4,66,128,414,550,731
4,79,128,414,563,744
4,127,164,380,496,843
4,66,164,496,550,783
4,140,212,356,579,686
4,79,252,332,550,744
5,67,129,415,551,732
5,80,129,415,564,745
5,64,165,381,497,844
5,67,165,497,551,784
5,141,213,357,580,687
5,80,253,333,551,745
6,65,166,382,498,845
6,68,166,498,552,785
6,142,214,358,581,688
6,81,130,416,565,746
6,81,254,334,552,746
6,68,130,416,552,733
7,66,167,383,499,846
7,69,167,499,553,786
7,143,215,359,582,689
7,82,131,417,566,747
7,82,255,335,553,747
7,69,131,417,553,734
8,70,168,500,554,787
8,67,168,320,500,847
8,144,216,360,583,690
8,83,132,418,567,748
8,83,192,336,554,748
8,70,132,418,554,735
9,71,169,501,555,788
9,68,169,321,501,848
9,145,217,361,584,691
9,84,133,419,568,749
9,84,193,337,555,749
9,71,133,419,555,736
10,72,170,502,556,789
10,69,170,322,502,849
10,146,218,362,585,692
10,85,134,420,569,750
10,85,194,338,556,750
10,72,134,420,556,737
11,73,171,503,557,790
11,70,171,323,503,850
11,147,219,363,586,693
11,86,135,421,570,751
11,86,195,339,557,751
11,73,135,421,557,738
12,74,172,504,558,791
12,71,172,324,504,851
12,148,220,364,587,694
12,87,136,422,571,752
12,87,196,340,558,752
12,74,136,422,558,739
13,75,173,505,559,792
13,72,173,325,505,852
13,149,221,365,588,695
13,88,137,423,572,753
13,88,197,341,559,753
13,75,137,423,559,740
14,76,174,506,560,793
14,73,174,326,506,853
14,150,222,366,589,696
14,89,138,424,573,754
14,89,198,342,560,754
14,76,138,424,560,741
15,77,175,507,561,794
15,74,175,327,507,854
15,151,223,367,590,697
15,90,139,425,574,755
15,90,199,343,561,755
15,77,139,425,561,742
16,78,176,508,562,795
16,75,176,328,508,855
16,152,224,368,591,698
16,91,140,426,575,756
16,91,200,344,562,756
16,78,140,426,562,743
17,79,177,509,563,796
17,76,177,329,509,856
17,153,225,369,592,699
17,92,201,345,563,757
17,92,141,427,512,757
17,79,141,427,563,744
18,80,178,510,564,797
18,77,178,330,510,857
18,154,226,370,593,700
18,93,202,346,564,758
18,93,142,428,513,758
18,80,142,428,564,745
19,81,179,511,565,798
19,78,179,331,511,858
19,155,227,371,594,701
19,94,203,347,565,759
19,94,143,429,514,759
19,81,143,429,565,746
20,156,228,372,595,702
20,79,180,332,448,859
20,95,204,348,566,760
20,95,144,430,515,760
20,82,180,448,566,799
20,82,144,430,566,747
21,157,229,373,596,703
21,80,181,333,449,860
21,96,205,349,567,761
21,96,145,431,516,761
21,83,145,431,567,748
21,83,181,449,567,800
22,81,182,334,450,861
22,97,206,350,568,762
22,97,146,432,517,762
22,84,146,432,568,749
22,84,182,450,568,801
22,158,230,374,597,640
23,82,183,335,451,862
23,98,207,351,569,763
23,98,147,433,518,763
23,85,147,433,569,750
23,85,183,451,569,802
23,159,231,375,598,641
24,83,184,336,452,863
24,99,148,434,519,764
24,99,208,352,570,764
24,86,148,434,570,751
24,86,184,452,570,803
24,160,232,376,599,642
25,100,149,435,520,765
25,100,209,353,571,765
25,87,149,435,571,752
25,87,185,453,571,804
25,161,233,377,600,643
25,84,185,337,453,864
26,101,150,436,521,766
26,101,210,354,572,766
26,88,150,436,572,753
26,88,186,454,572,805
26,162,234,378,601,644
26,85,186,338,454,865
27,102,151,437,522,767
27,102,211,355,573,767
27,89,151,437,573,754
27,89,187,455,573,806
27,163,235,379,602,645
27,86,187,339,455,866
28,103,212,356,574,704
28,90,152,438,574,755
28,90,188,456,574,807
28,164,236,380,603,646
28,103,152,438,523,704
28,87,188,340,456,867
29,104,213,357,575,705
29,91,153,439,575,756
29,91,189,457,575,808
29,165,237,381,604,647
29,104,153,439,524,705
29,88,189,341,457,868
30,166,238,382,605,648
30,92,154,440,512,757
30,105,154,440,525,706
30,89,190,342,458,869
30,92,190,458,512,809
30,105,214,358,512,706
31,167,239,383,606,649
31,93,155,441,513,758
31,106,155,441,526,707
31,90,191,343,459,870
31,93,191,459,513,810
31,106,215,359,513,707
32,168,240,320,607,650
32,94,156,442,514,759
32,107,156,442,527,708
32,91,128,344,460,871
32,94,128,460,514,811
32,107,216,360,514,708
33,95,157,443,515,760
33,108,157,443,528,709
33,92,129,345,461,872
33,95,129,461,515,812
33,169,241,321,608,651
33,108,217,361,515,709
34,96,158,444,516,761
34,109,158,444,529,710
34,93,130,346,462,873
34,96,130,462,516,813
34,170,242,322,609,652
34,109,218,362,516,710
35,97,159,445,517,762
35,110,159,445,530,711
35,94,131,347,463,874
35,97,131,463,517,814
35,171,243,323,610,653
35,110,219,363,517,711
36,98,160,446,518,763
36,111,160,446,531,712
36,95,132,348,464,875
36,98,132,464,518,815
36,172,244,324,611,654
36,111,220,364,518,712
37,99,161,447,519,764
37,112,161,447,532,713
37,96,133,349,465,876
37,99,133,465,519,816
37,173,245,325,612,655
37,112,221,365,519,713
38,97,134,350,466,877
38,100,134,466,520,817
38,174,246,326,613,656
38,113,162,384,533,714
38,113,222,366,520,714
38,100,162,384,520,765
39,98,135,351,467,878
39,101,135,467,521,818
39,175,247,327,614,657
39,114,163,385,534,715
39,114,223,367,521,715
39,101,163,385,521,766
40,102,136,468,522,819
40,99,136,352,468,879
40,176,248,328,615,658
40,115,164,386,535,716
40,115,224,368,522,716
40,102,164,386,522,767
41,103,137,469,523,820
41,100,137,353,469,880
41,177,249,329,616,659
41,116,165,387,536,717
41,116,225,369,523,717
41,103,165,387,523,704
42,104,138,470,524,821
42,101,138,354,470,881
42,178,250,330,617,660
42,117,166,388,537,718
42,117,226,370,524,718
42,104,166,388,524,705
43,105,139,471,525,822
43,102,139,355,471,882
43,179,251,331,618,661
43,118,167,389,538,719
43,118,227,371,525,719
43,105,167,389,525,706
44,106,140,472,526,823
44,103,140,356,472,883
44,180,252,332,619,662
44,119,168,390,539,720
44,119,228,372,526,720
44,106,168,390,526,707
45,107,141,473,527,824
45,104,141,357,473,884
45,181,253,333,620,663
45,120,169,391,540,721
45,120,229,373,527,721
45,107,169,391,527,708
46,108,142,474,528,825
46,105,142,358,474,885
46,182,254,334,621,664
46,121,170,392,541,722
46,121,230,374,528,722
46,108,170,392,528,709
47,109,143,475,529,826
47,106,143,359,475,886
47,183,255,335,622,665
47,122,171,393,542,723
47,122,231,375,529,723
47,109,171,393,529,710
48,110,144,476,530,827
48,107,144,360,476,887
48,184,192,336,623,666
48,123,172,394,543,724
48,123,232,376,530,724
48,110,172,394,530,711
49,111,145,477,531,828
49,108,145,361,477,888
49,185,193,337,624,667
49,124,233,377,531,725
49,124,173,395,544,725
49,111,173,395,531,712
50,112,146,478,532,829
50,109,146,362,478,889
50,186,194,338,625,668
50,125,234,378,532,726
50,125,174,396,545,726
50,112,174,396,532,713
51,113,147,479,533,830
51,110,147,363,479,890
51,187,195,339,626,669
51,126,235,379,533,727
51,126,175,397,546,727
51,113,175,397,533,714
52,188,196,340,627,670
52,111,148,364,480,891
52,127,236,380,534,728
52,127,176,398,547,728
52,114,148,480,534,831
52,114,176,398,534,715
53,189,197,341,628,671
53,112,149,365,481,892
53,64,237,381,535,729
53,64,177,399,548,729
53,115,177,399,535,716
53,115,149,481,535,768
54,113,150,366,482,893
54,65,238,382,536,730
54,65,178,400,549,730
54,116,178,400,536,717
54,116,150,482,536,769
54,190,198,342,629,672
55,114,151,367,483,894
55,66,239,383,537,731
55,66,179,401,550,731
55,117,179,401,537,718
55,117,151,483,537,770
55,191,199,343,630,673
56,115,152,368,484,895
56,67,180,402,551,732
56,67,240,320,538,732
56,118,180,402,538,719
56,118,152,484,538,771
56,128,200,344,631,674
57,68,181,403,552,733
57,68,241,321,539,733
57,119,181,403,539,720
57,119,153,485,539,772
57,129,201,345,632,675
57,116,153,369,485,832
58,69,182,404,553,734
58,69,242,322,540,734
58,120,182,404,540,721
58,120,154,486,540,773
58,130,202,346,633,676
58,117,154,370,486,833
59,70,183,405,554,735
59,70,243,323,541,735
59,121,183,405,541,722
59,121,155,487,541,774
59,131,203,347,634,677
59,118,155,371,487,834
60,71,244,324,542,736
60,122,184,406,542,723
60,122,156,488,542,775
60,132,204,348,635,678
60,71,184,406,555,736
60,119,156,372,488,835
61,72,245,325,543,737
61,123,185,407,543,724
61,123,157,489,543,776
61,133,205,349,636,679
61,72,185,407,556,737
61,120,157,373,489,836
62,134,206,350,637,680
62,124,186,408,544,725
62,73,186,408,557,738
62,121,158,374,490,837
62,124,158,490,544,777
62,73,246,326,544,738
63,135,207,351,638,681
63,125,187,409,545,726
63,74,187,409,558,739
63,122,159,375,491,838
63,125,159,491,545,778
63,74,247,327,545,739
